1257 1
5111 0
5133 1
6190 1
5136 1
1217 1
6500 0
6094 0
6172 0
6052 1
1219 1
6099 0
871 1
872 1
6129 0
1279 0
1251 0
6121 0
6208 0
789 0
640 0
6143 0
6178 0
1033 1
756 0
1167 1
1223 1
1232 0
1224 0
1241 0
1016 1
1231 0
6197 0
6007 1
6039 1
1045 1
1215 1
6182 0
1323 0
811 1
908 1
6102 0
6103 0
6104 0
6105 0
6106 0
1018 1
1214 1
6280 1
579 0
543 0
6002 1
788 0
1272 1
605 0
6499 1
1324 0
6116 0
6117 1
6118 1
535 1
6217 0
6119 1
1295 0
990 0
939 1
1091 0
6503 1
6516 1
6009 0
6006 0
6128 0
6092 0
6113 0
6114 0
6115 0
6196 0
1031 1
6107 0
6108 0
6109 0
6504 1
6505 1
1301 0
1325 0
1235 0
1138 0
1147 0
1047 1
1227 0
1300 1
681 0
1071 1
6252 1
6506 0
1203 1
1271 1
6507 0
6003 1
6088 0
6508 0
6509 0
6127 0
6090 0
5070 0
6110 0
6111 0
6510 0
6295 1
592 0
751 0
585 0
664 0
899 1
6011 0
6511 0
736 1
6120 1
6122 1
6198 1
844 0
1245 0
982 0
1284 1
1024 1
6165 0
6170 0
6112 0
6126 0
6138 0
6140 0
6141 0
6173 0
6147 0
6152 0
6153 0
6148 0
6150 0
6185 0
6186 1
6187 0
6210 0
6219 1
6220 0
747 1
6378 1
973 1
6512 0
6513 0
1291 0
1149 0
6514 0
6224 0
6100 0
6176 1
6209 0
5073 0
1017 1
783 0
5075 0
5076 0
553 1
769 0
1308 0
6371 1
6136 0
6389 1
985 1
6068 0
829 1
1340 0
1013 1
6069 0
1286 0
6162 0
843 0
1327 1
6040 0
1269 0
720 0
6049 0
555 0
5077 0
6327 1
554 1
950 1
842 0
6517 0
994 1
1305 0
5071 0
572 1
761 1
949 0
1132 1
1135 1
680 0
1019 1
777 1
826 0
841 0
687 1
910 1
6077 0
503 0
627 1
896 0
521 0
755 0
6158 0
1174 1
816 1
1282 1
785 1
1020 1
883 0
662 1
1038 1
1040 1
891 0
6051 0
560 0
610 1
1307 1
6179 1
6180 1
1311 0
6157 0
1285 0
1319 0
1314 0
1313 0
1326 1
1137 1
1220 1
1343 1
1341 1
952 1
1333 1
1331 1
1329 1
986 1
6392 1
6218 1
6223 0
6229 0
866 0
1028 1
1027 1
1029 1
5072 0
924 0
951 0
1173 1
1218 1
6019 0
6022 0
6027 0
6025 0
6026 0
6029 0
6030 0
6023 1
1022 1
1044 1
1067 1
1069 1
6230 0
6159 0
6149 0
690 0
668 1
6241 1
6242 1
6243 1
873 1
6125 1
1350 1
1030 1
6070 0
643 1
5074 0
6520 0
1143 1
6521 0
6317 0
6316 0
6318 0
6320 0
6325 0
6326 0
1021 1
1043 0
1015 1
1023 1
6284 1
6285 1
797 0
1092 1
1131 1
1026 1
1025 1
595 1
1034 1
1035 1
1036 1
1039 1
1037 1
6171 0
691 0
1041 1
774 0
1042 1
6048 0
1222 1
510 0
723 0
657 0
1289 0
1233 0
763 0
673 0
576 0
1261 0
1287 0
710 0
1253 0
1248 0
1249 0
1320 0
1247 0
1304 0
600 0
715 0
1315 0
1236 0
920 1
1170 1
707 1
865 0
864 1
772 0
6156 0
897 1
867 1
531 1
869 0
6123 0
6522 0
6124 1
773 1
1337 1
901 1
6321 1
6322 0
875 1
516 0
879 0
880 0
881 0
882 0
5078 0
722 0
647 1
637 0
732 0
887 0
767 0
6058 1
890 1
6523 1
6130 0
6250 0
6251 0
6239 0
6240 0
5079 0
900 1
764 1
6133 1
6135 0
776 0
931 0
906 0
6139 1
6175 0
6184 0
1342 1
6131 0
904 0
784 0
905 1
6137 1
6167 0
1258 0
1328 0
913 1
914 1
6183 1
6144 1
6145 1
6146 0
6188 0
911 1
912 1
6181 0
731 0
923 1
930 0
6191 0
1239 0
6202 0
936 1
937 0
926 0
927 0
928 0
917 1
918 1
919 1
1335 1
925 1
5080 0
5081 0
513 0
6168 0
1352 0
1318 0
929 0
727 0
6169 0
940 1
728 0
943 0
984 0
745 1
944 0
6205 1
946 1
948 1
945 0
6227 0
671 0
738 0
1246 0
6212 0
6222 0
1354 1
552 1
642 1
677 0
578 1
716 1
724 0
5082 0
956 0
958 1
6228 0
506 0
959 1
6214 1
537 1
741 0
699 1
1349 1
6216 1
540 1
512 1
786 1
5083 0
961 1
962 1
988 1
6151 0
527 0
768 1
653 0
972 1
641 0
564 0
678 0
968 1
969 1
645 0
1345 1
6231 1
1142 1
651 0
740 1
6076 0
6078 0
5084 0
5085 0
5086 0
689 0
674 0
975 0
520 0
1356 1
981 1
634 0
1156 1
6033 0
502 0
6235 0
6236 0
1011 0
632 0
978 1
974 1
5087 0
5088 0
5089 0
771 0
976 0
515 0
713 0
979 1
980 1
983 1
749 0
633 0
991 1
682 0
1277 0
683 1
998 0
6234 0
6238 0
649 0
1104 1
546 0
1355 0
550 1
733 0
1336 1
593 1
1001 1
6247 1
6248 1
794 1
6249 0
6079 1
1012 1
1009 1
1006 0
509 1
744 1
559 1
1010 1
6050 0
584 0
616 1
6059 0
6060 0
791 1
1007 1
6072 0
6073 0
644 0
6074 0
6075 0
705 0
790 0
631 1
793 1
577 0
619 1
831 0
586 1
6061 0
6062 0
6063 0
795 1
800 1
714 1
802 0
759 0
623 0
660 0
708 0
6053 0
587 1
601 0
6064 0
6065 0
6066 0
6323 1
5001 1
6067 0
6319 0
711 0
818 1
6080 0
703 0
629 1
709 1
1234 0
810 1
835 1
780 1
656 1
574 1
813 1
700 1
704 1
814 1
5090 0
5091 0
5092 0
706 1
6071 0
545 0
635 1
588 1
570 1
746 1
6081 1
6328 1
1140 1
1063 1
609 1
1141 1
6085 1
666 0
1237 0
823 1
639 1
827 1
1130 1
541 1
6084 1
779 1
830 1
622 0
1064 1
1200 1
1256 0
615 0
6091 0
638 1
607 0
6154 0
1250 0
1262 0
6160 0
6272 1
563 0
568 0
669 0
5093 0
5094 0
5095 0
5096 0
6089 0
838 0
6329 1
6330 0
6331 1
6333 1
6334 1
1077 1
1273 0
1351 1
1111 1
696 1
1306 0
6008 0
840 1
847 1
5097 0
5098 0
5099 0
848 1
1066 0
1068 1
6013 1
1165 1
862 1
6527 1
6096 0
6097 0
665 0
856 0
6098 0
852 1
583 0
851 1
859 0
1275 0
1049 1
1332 0
754 0
5100 0
1070 1
636 1
1072 1
663 0
6335 1
6004 0
6005 0
1051 1
565 0
1052 0
1054 1
1055 1
1056 1
1057 1
1058 1
1059 1
6336 1
518 0
6010 0
1281 0
6012 0
1061 0
1321 1
5101 0
5102 0
1108 1
1075 1
6014 1
6015 0
6016 0
6017 0
6020 0
630 1
1122 1
1086 1
6021 0
6018 1
1254 1
1302 0
1095 1
1096 1
569 1
596 1
1298 0
1312 0
6024 1
6338 1
1274 1
1242 1
685 0
5103 0
5104 0
1099 1
1144 1
1100 1
1101 1
1310 1
1276 0
1280 0
1103 1
1105 1
1106 1
6337 1
1109 1
762 1
1112 1
1113 1
1114 1
1115 1
1255 0
6031 1
1116 1
1117 1
1299 1
1118 1
5105 0
5106 0
5107 0
1119 1
1120 1
1339 1
1278 1
1121 1
1317 0
1297 1
1127 1
1139 1
1128 1
1133 1
1134 1
1073 1
1136 1
1338 1
1146 1
1148 1
1153 1
1145 1
6041 0
6042 0
1158 1
5108 0
5109 0
1159 1
1161 1
1162 1
1163 0
1290 0
6037 0
6038 1
6035 0
1230 0
6036 0
1164 1
1171 1
1226 0
1172 1
878 0
5112 0
1179 1
1175 1
1197 1
1199 1
1243 0
1309 0
1184 0
6043 0
1177 1
1181 1
1183 1
6044 0
6045 1
1186 1
1322 0
6446 0
6386 1
6464 1
1187 1
1188 0
1191 1
1192 1
6046 0
1193 1
1194 1
1195 1
1294 0
1201 1
1202 1
1204 1
1205 1
1206 1
1207 1
1208 1
625 1
1079 1
655 1
1209 1
1212 1
1213 1
6344 1
977 0
5110 0
6488 1
742 1
648 1
953 1
947 0
954 1
907 1
1087 1
1221 1
599 0
957 1
963 1
686 0
672 1
654 0
888 1
1151 1
997 0
6530 1
5113 0
739 1
507 1
821 1
876 1
1062 1
1074 1
684 1
1123 1
525 1
1097 1
1110 1
1198 1
5114 0
5115 1
5116 1
5117 1
1155 1
6032 0
1157 1
505 0
5124 1
1166 0
1178 1
1189 1
1210 1
1082 1
1076 1
6412 1
6536 0
758 0
670 1
692 1
6164 0
6155 0
903 0
5118 1
5119 1
5120 1
5121 1
6426 1
6047 0
796 1
529 1
5125 1
549 1
752 1
824 1
6417 1
582 1
6465 1
1048 1
1050 1
701 1
858 1
6101 1
548 1
612 0
6194 0
1293 0
6454 1
5122 1
5123 1
571 0
613 1
845 1
6211 0
6203 0
6201 0
1078 1
6408 1
551 1
598 1
603 1
667 1
6192 1
6200 0
6195 0
6199 0
6161 0
6166 0
6174 0
717 0
6204 0
6206 0
6535 0
606 1
6537 1
6538 0
6539 0
6540 0
6541 0
6552 0
6428 1
6542 0
1093 1
6543 0
6544 0
6553 1
6545 0
6546 0
6556 1
5128 1
5129 1
6547 0
6548 0
6549 0
1080 1
5126 1
5127 1
6342 1
581 1
6550 1
1094 1
6551 1
6447 1
1260 1
902 0
575 1
602 1
6557 1
6558 1
6559 1
782 1
5130 1
6560 1
6561 1
1032 1
1046 1
1053 1
1060 1
5131 1
5132 1
5134 1
1065 0
6562 1
1081 1
1083 1
1084 1
1085 1
1088 1
6563 1
1090 1
1098 1
938 1
1102 1
6564 1
1107 1
1124 1
1125 1
1126 1
1129 1
6565 1
5135 1
5137 1
5138 1
5139 0
792 1
1150 1
1152 1
1154 1
1160 1
1168 1
1169 1
6293 0
1176 1
597 1
1180 0
1182 1
1185 1
1190 1
1196 1
1211 1
1216 1
628 0
6377 0
798 1
799 1
6567 0
801 1
6592 0
6569 0
828 1
702 0
558 0
514 0
6423 1
750 1
805 0
621 0
614 0
6294 0
760 0
778 0
809 0
812 1
815 1
817 1
6348 1
604 1
819 1
618 1
658 1
734 1
820 1
822 1
825 1
573 1
544 1
562 1
833 1
6346 1
915 1
921 1
6571 1
6575 1
743 1
836 1
6434 1
697 1
853 1
675 1
916 1
854 1
941 1
757 1
855 1
766 1
857 1
860 1
6449 0
861 0
863 0
712 1
661 1
676 1
6574 1
787 1
868 1
528 0
966 1
874 1
877 1
884 0
652 1
889 1
993 1
892 1
898 1
922 1
955 1
729 1
942 0
964 1
6309 1
967 1
6576 1
849 1
6383 1
523 1
522 1
650 0
6314 1
996 1
538 0
1008 1
1004 0
1005 1
850 1
6581 1
6463 1
6274 1
753 0
6469 1
6380 1
6001 1
6480 0
870 1
6213 1
6587 1
6287 1
6588 1
932 1
6281 1
6589 1
6590 1
6376 1
846 1
6593 1
6594 1
6566 0
6352 1
6456 1
693 1
6279 1
6375 1
6315 1
6379 1
6479 0
536 1
960 0
965 1
1089 1
5029 0
6313 1
6448 1
6484 0
6395 1
6487 0
5032 0
5033 0
5034 0
5035 0
5036 0
6445 1
6394 1
6443 1
6391 0
6390 1
6292 0
6415 1
6289 1
6462 0
6478 0
6411 1
6307 1
6470 1
5040 0
5041 0
5042 0
5043 0
6340 1
6296 0
6438 1
6450 1
6290 0
6416 1
5044 0
5045 0
5046 0
5047 0
5048 0
5049 0
5050 0
6475 1
6402 1
6477 1
6393 1
6400 1
6273 1
6486 1
971 0
6288 1
6414 1
6283 1
6347 0
6291 1
5010 0
5011 0
5012 0
5013 0
6310 1
6369 0
6406 0
6497 1
6370 1
6265 1
6413 1
5014 0
5015 0
5016 0
5017 0
5018 0
5019 0
5020 0
5021 0
5022 0
5023 0
5024 0
5025 0
5026 0
5027 0
6268 1
6301 1
6341 1
5028 0
6432 1
6275 1
6441 1
6299 0
6458 1
6410 1
6409 1
5030 0
5031 0
6476 0
6493 1
6398 1
6300 0
6494 1
6419 1
6282 1
6453 1
5037 0
5038 0
5039 0
6457 1
6298 0
6297 1
6351 1
5051 0
5052 0
5053 0
5054 0
5055 0
6440 1
6266 0
6461 0
6308 1
6267 0
5056 0
5057 0
5058 0
5059 0
5060 0
5061 0
5062 0
5063 0
5064 0
5065 0
5066 0
5067 0
5068 0
5069 0
893 1
894 0
1003 1
519 1
1244 0
6163 0
6381 1
6474 1
5002 0
5003 0
5004 0
5005 0
5006 0
5007 0
5008 0
5009 0
